"CCT(proX)","CCC(proT)","CCA(proU)","CCG(proY)","geneSymbol","geneType","geneLocus"
100,NA,NA,NA,"ileT","tRNA","MTB000001"
NA,100,NA,NA,"alaT","tRNA","MTB000002"
NA,50,50,NA,"leuT","tRNA","MTB000003"
NA,NA,100,NA,"glyU","tRNA","MTB000004"
NA,33.3333333333333,66.6666666666667,NA,"tyrT","tRNA","MTB000005"
NA,50,NA,50,"thrT","tRNA","MTB000006"
NA,NA,NA,NA,"metT","tRNA","MTB000007"
50,NA,25,25,"trpT","tRNA","MTB000008"
NA,NA,NA,NA,"thrV","tRNA","MTB000009"
50,NA,25,25,"lysT","tRNA","MTB000010"
NA,100,NA,NA,"gluT","tRNA","MTB000011"
33.3333333333333,33.3333333333333,NA,33.3333333333333,"aspT","tRNA","MTB000012"
50,50,NA,NA,"pheU","tRNA","MTB000013"
100,NA,NA,NA,"argT","tRNA","MTB000014"
NA,100,NA,NA,"alaV","tRNA","MTB000015"
100,NA,NA,NA,"glnT","tRNA","MTB000016"
NA,100,NA,NA,"leuX","tRNA","MTB000017"
50,25,NA,25,"argV","tRNA","MTB000018"
32,24,16,28,"rrs","rRNA","MTB000019"
16.0919540229885,25.2873563218391,18.3908045977011,40.2298850574713,"rrl","rRNA","MTB000020"
NA,40,20,40,"rrf","rRNA","MTB000021"
25,25,NA,50,"leuW","tRNA","MTB000022"
NA,100,NA,NA,"leuV","tRNA","MTB000023"
NA,100,NA,NA,"proT","tRNA","MTB000024"
NA,100,NA,NA,"leuU","tRNA","MTB000025"
8.33333333333333,8.33333333333333,16.6666666666667,66.6666666666667,"rnpB","misc_RNA","MTB000026"
NA,NA,50,50,"valV","tRNA","MTB000027"
NA,66.6666666666667,NA,33.3333333333333,"metV","tRNA","MTB000028"
66.6666666666667,33.3333333333333,NA,NA,"asnT","tRNA","MTB000029"
NA,100,NA,NA,"proU","tRNA","MTB000030"
33.3333333333333,NA,33.3333333333333,33.3333333333333,"glyV","tRNA","MTB000031"
NA,NA,NA,NA,"argW","tRNA","MTB000032"
NA,100,NA,NA,"hisT","tRNA","MTB000033"
NA,50,NA,50,"lysU","tRNA","MTB000034"
NA,33.3333333333333,33.3333333333333,33.3333333333333,"valT","tRNA","MTB000035"
NA,100,NA,NA,"glyT","tRNA","MTB000036"
NA,NA,NA,NA,"cysU","tRNA","MTB000037"
NA,NA,NA,NA,"valU","tRNA","MTB000038"
20,60,NA,20,"gluU","tRNA","MTB000039"
NA,50,50,NA,"glnU","tRNA","MTB000040"
NA,100,NA,NA,"alaU","tRNA","MTB000041"
12.5,25,37.5,25,"ssr","misc_RNA","MTB000042"
NA,100,NA,NA,"metU","tRNA","MTB000043"
NA,NA,NA,NA,"thrU","tRNA","MTB000044"
NA,100,NA,NA,"proY","tRNA","MTB000045"
100,NA,NA,NA,"serV","tRNA","MTB000046"
33.3333333333333,NA,16.6666666666667,50,"serX","tRNA","MTB000047"
NA,100,NA,NA,"argU","tRNA","MTB000048"
NA,33.3333333333333,33.3333333333333,33.3333333333333,"serT","tRNA","MTB000049"
33.3333333333333,NA,16.6666666666667,50,"serU","tRNA","MTB000050"
25,50,NA,25,"F6","ncRNA","MTB000051"
NA,33.3333333333333,33.3333333333333,33.3333333333333,"B55","ncRNA","MTB000052"
30,20,30,20,"ASdes","ncRNA","MTB000053"
9.09090909090909,36.3636363636364,27.2727272727273,27.2727272727273,"G2","ncRNA","MTB000054"
NA,33.3333333333333,33.3333333333333,33.3333333333333,"AS1726","ncRNA","MTB000055"
9.09090909090909,18.1818181818182,27.2727272727273,45.4545454545455,"AS1890","ncRNA","MTB000056"
NA,75,12.5,12.5,"ASpks","ncRNA","MTB000057"
37.5,62.5,NA,NA,"B11","ncRNA","MTB000058"
NA,66.6666666666667,16.6666666666667,16.6666666666667,"C8","ncRNA","MTB000059"
NA,NA,100,NA,"mcr19","ncRNA","MTB000060"
NA,NA,100,NA,"mpr5","ncRNA","MTB000061"
NA,25,NA,75,"mpr6","ncRNA","MTB000062"
NA,NA,NA,NA,"mcr11","-10_signal","MTB000063"
NA,NA,NA,NA,"mcr11","-35_signal","MTB000063"
NA,42.8571428571429,NA,57.1428571428571,"mcr11","ncRNA","MTB000063"
NA,100,NA,NA,"mcr3","ncRNA","MTB000064"
NA,NA,50,50,"mcr15","ncRNA","MTB000065"
NA,NA,NA,NA,"mcr5","ncRNA","MTB000066"
10,20,20,50,"mcr7","ncRNA","MTB000067"
NA,25,25,50,"mpr11","ncRNA","MTB000068"
33.3333333333333,33.3333333333333,33.3333333333333,NA,"mpr12","ncRNA","MTB000069"
NA,25,50,25,"mpr17","ncRNA","MTB000070"
NA,100,NA,NA,"mpr18","ncRNA","MTB000071"
20,40,20,20,"mcr10","ncRNA","MTB000072"
NA,NA,NA,NA,"mcr16","ncRNA","MTB000073"
NA,33.3333333333333,33.3333333333333,33.3333333333333,"MTS0858","ncRNA","MTB000074"
NA,NA,NA,NA,"ncrMT1234","ncRNA","MTB000075"
NA,50,NA,50,"MTS1082","ncRNA","MTB000076"
60,NA,20,20,"MTS1338","ncRNA","MTB000077"
10,40,20,30,"MTS2823","ncRNA","MTB000078"
NA,20,40,40,"ncrMT3949","ncRNA","MTB000079"
50,NA,50,NA,"MTS2975","ncRNA","MTB000080"
25,12.5,25,37.5,"ncRv10071","ncRNA","MTB000100"
NA,50,NA,50,"ncRv10071c","ncRNA","MTB000101"
NA,NA,40,60,"ncRv10128","ncRNA","MTB000102"
NA,NA,66.6666666666667,33.3333333333333,"ncRv10128c","ncRNA","MTB000103"
50,NA,NA,50,"ncRv10150c","ncRNA","MTB000104"
28.5714285714286,28.5714285714286,14.2857142857143,28.5714285714286,"ncRv0179","ncRNA","MTB000105"
NA,NA,20,80,"ncRv0186c","ncRNA","MTB000106"
NA,100,NA,NA,"ncRv10243","ncRNA","MTB000107"
40,20,20,20,"ncRv0441c","ncRNA","MTB000108"
NA,NA,NA,100,"ncRv10467","ncRNA","MTB000109"
25,NA,NA,75,"ncRv0490","ncRNA","MTB000110"
66.6666666666667,33.3333333333333,NA,NA,"ncRv10609","ncRNA","MTB000111"
33.3333333333333,33.3333333333333,33.3333333333333,NA,"ncRv10637","ncRNA","MTB000112"
NA,NA,NA,NA,"ncRv0638","ncRNA","MTB000113"
NA,60,20,20,"ncRv0641","ncRNA","MTB000114"
33.3333333333333,NA,NA,66.6666666666667,"ncRv10666","ncRNA","MTB000115"
NA,NA,100,NA,"ncRv10685","ncRNA","MTB000116"
NA,40,40,20,"ncRv10699","ncRNA","MTB000117"
20,40,NA,40,"ncRv0724","ncRNA","MTB000118"
20,20,20,40,"ncRv0810c","ncRNA","MTB000119"
NA,100,NA,NA,"ncRv10860","ncRNA","MTB000120"
NA,100,NA,NA,"ncRv0897","ncRNA","MTB000121"
NA,57.1428571428571,NA,42.8571428571429,"ncRv0952","ncRNA","MTB000122"
100,NA,NA,NA,"ncRv10996","ncRNA","MTB000123"
25,25,25,25,"ncRv11042c","ncRNA","MTB000124"
100,NA,NA,NA,"ncRv1072","ncRNA","MTB000125"
NA,66.6666666666667,NA,33.3333333333333,"ncRv11144c","ncRNA","MTB000126"
NA,33.3333333333333,NA,66.6666666666667,"ncRv11147c","ncRNA","MTB000127"
33.3333333333333,33.3333333333333,NA,33.3333333333333,"ncRv11179c","ncRNA","MTB000128"
33.3333333333333,33.3333333333333,33.3333333333333,NA,"ncRv11199","ncRNA","MTB000129"
NA,42.8571428571429,NA,57.1428571428571,"ncRv11264c","ncRNA","MTB000130"
NA,NA,NA,100,"ncRv1298","ncRNA","MTB000131"
NA,NA,50,50,"ncRv11298","ncRNA","MTB000132"
NA,50,50,NA,"ncRv11315","ncRNA","MTB000133"
NA,100,NA,NA,"ncRv1329","ncRNA","MTB000134"
16.6666666666667,16.6666666666667,16.6666666666667,50,"ncRv1389","ncRNA","MTB000135"
NA,NA,NA,100,"ncRv1501","ncRNA","MTB000136"
25,25,25,25,"ncRv1617","ncRNA","MTB000137"
NA,NA,25,75,"ncRv1621c","ncRNA","MTB000138"
50,NA,25,25,"ncRv11733","ncRNA","MTB000139"
NA,NA,NA,100,"ncRv11793","ncRNA","MTB000140"
NA,100,NA,NA,"ncRv1821","ncRNA","MTB000141"
28.5714285714286,28.5714285714286,14.2857142857143,28.5714285714286,"ncRv11846","ncRNA","MTB000142"
50,50,NA,NA,"ncRv12023","ncRNA","MTB000143"
NA,66.6666666666667,33.3333333333333,NA,"ncRv12220","ncRNA","MTB000144"
33.3333333333333,33.3333333333333,NA,33.3333333333333,"ncRv12459","ncRNA","MTB000145"
NA,33.3333333333333,NA,66.6666666666667,"ncRv12557","ncRNA","MTB000146"
NA,66.6666666666667,33.3333333333333,NA,"ncRv12641","ncRNA","MTB000147"
28.5714285714286,28.5714285714286,28.5714285714286,14.2857142857143,"ncRv12783c","ncRNA","MTB000148"
NA,NA,33.3333333333333,66.6666666666667,"ncRv2986c","ncRNA","MTB000149"
NA,NA,NA,100,"ncRv2993c","ncRNA","MTB000150"
NA,100,NA,NA,"ncRv13003c","ncRNA","MTB000151"
NA,20,NA,80,"ncRv3220","ncRNA","MTB000152"
NA,50,NA,50,"ncRv13303","ncRNA","MTB000153"
10,10,20,60,"ncRv13418cA","ncRNA","MTB000154"
16.6666666666667,16.6666666666667,NA,66.6666666666667,"ncRv13418cB","ncRNA","MTB000155"
NA,100,NA,NA,"ncRv3461c","ncRNA","MTB000156"
38.4615384615385,15.3846153846154,38.4615384615385,7.69230769230769,"ncRv3520","ncRNA","MTB000157"
NA,40,20,40,"ncRv3648c","ncRNA","MTB000158"
14.2857142857143,42.8571428571429,14.2857142857143,28.5714285714286,"ncRv13660c","ncRNA","MTB000159"
NA,75,25,NA,"ncRv13722c","ncRNA","MTB000160"
14.2857142857143,28.5714285714286,14.2857142857143,42.8571428571429,"ncRv3804c","ncRNA","MTB000161"
14.8148148148148,33.3333333333333,22.2222222222222,29.6296296296296,"dnaA","CDS","Rv0001"
22.2222222222222,7.40740740740741,22.2222222222222,48.1481481481481,"dnaN","CDS","Rv0002"
26.6666666666667,26.6666666666667,13.3333333333333,33.3333333333333,"recF","CDS","Rv0003"
9.09090909090909,18.1818181818182,27.2727272727273,45.4545454545455,"Rv0004","CDS","Rv0004"
NA,35,NA,65,"gyrB","CDS","Rv0005"
6.89655172413793,24.1379310344828,10.3448275862069,58.6206896551724,"gyrA","CDS","Rv0006"
3.33333333333333,20,13.3333333333333,63.3333333333333,"Rv0007","CDS","Rv0007"
NA,11.1111111111111,22.2222222222222,66.6666666666667,"Rv0008c","CDS","Rv0008c"
NA,41.6666666666667,8.33333333333333,50,"ppiA","CDS","Rv0009"
20,40,40,NA,"Rv0010c","CDS","Rv0010c"
NA,60,NA,40,"Rv0011c","CDS","Rv0011c"
12.5,37.5,6.25,43.75,"Rv0012","CDS","Rv0012"
15.3846153846154,23.0769230769231,15.3846153846154,46.1538461538462,"trpG","CDS","Rv0013"
8.88888888888889,35.5555555555556,17.7777777777778,37.7777777777778,"pknB","CDS","Rv0014c"
7.31707317073171,26.8292682926829,2.4390243902439,63.4146341463415,"pknA","CDS","Rv0015c"
10.2564102564103,28.2051282051282,23.0769230769231,38.4615384615385,"pbpA","CDS","Rv0016c"
NA,36,16,48,"rodA","CDS","Rv0017c"
12.2448979591837,26.530612244898,14.2857142857143,46.9387755102041,"pstP","CDS","Rv0018c"
NA,NA,NA,100,"fhaB","CDS","Rv0019c"
10.5263157894737,40.3508771929825,10.5263157894737,38.5964912280702,"fhaA","CDS","Rv0020c"
NA,21.4285714285714,21.4285714285714,57.1428571428571,"Rv0021c","CDS","Rv0021c"
NA,36.3636363636364,9.09090909090909,54.5454545454545,"whiB5","CDS","Rv0022c"
27.2727272727273,18.1818181818182,9.09090909090909,45.4545454545455,"Rv0023","CDS","Rv0023"
NA,33.3333333333333,NA,66.6666666666667,"Rv0024","CDS","Rv0024"
NA,33.3333333333333,NA,66.6666666666667,"Rv0025","CDS","Rv0025"
NA,29.7297297297297,13.5135135135135,56.7567567567568,"Rv0026","CDS","Rv0026"
66.6666666666667,NA,NA,33.3333333333333,"Rv0027","CDS","Rv0027"
NA,75,NA,25,"Rv0028","CDS","Rv0028"
4.76190476190476,33.3333333333333,9.52380952380952,52.3809523809524,"Rv0029","CDS","Rv0029"
NA,NA,NA,100,"Rv0030","CDS","Rv0030"
NA,NA,16.6666666666667,83.3333333333333,"Rv0031","CDS","Rv0031"
10.8108108108108,24.3243243243243,10.8108108108108,54.0540540540541,"bioF2","CDS","Rv0032"
NA,33.3333333333333,33.3333333333333,33.3333333333333,"acpA","CDS","Rv0033"
NA,33.3333333333333,NA,66.6666666666667,"Rv0034","CDS","Rv0034"
7.40740740740741,44.4444444444444,22.2222222222222,25.9259259259259,"fadD34","CDS","Rv0035"
21.0526315789474,15.7894736842105,21.0526315789474,42.1052631578947,"Rv0036c","CDS","Rv0036c"
10,45,NA,45,"Rv0037c","CDS","Rv0037c"
NA,25,12.5,62.5,"Rv0038","CDS","Rv0038"
NA,100,NA,NA,"Rv0039c","CDS","Rv0039c"
8.69565217391304,32.6086956521739,10.8695652173913,47.8260869565217,"mtc28","CDS","Rv0040c"
17.741935483871,22.5806451612903,12.9032258064516,46.7741935483871,"leuS","CDS","Rv0041"
15.3846153846154,30.7692307692308,15.3846153846154,38.4615384615385,"Rv0042c","CDS","Rv0042c"
17.6470588235294,35.2941176470588,5.88235294117647,41.1764705882353,"Rv0043c","CDS","Rv0043c"
6.66666666666667,33.3333333333333,13.3333333333333,46.6666666666667,"Rv0044c","CDS","Rv0044c"
7.14285714285714,14.2857142857143,14.2857142857143,64.2857142857143,"Rv0045c","CDS","Rv0045c"
5.26315789473684,21.0526315789474,5.26315789473684,68.4210526315789,"ino1","CDS","Rv0046c"
NA,25,25,50,"Rv0047c","CDS","Rv0047c"
NA,50,NA,50,"Rv0048c","CDS","Rv0048c"
16.6666666666667,50,NA,33.3333333333333,"Rv0049","CDS","Rv0049"
3.50877192982456,28.0701754385965,8.7719298245614,59.6491228070175,"ponA1","CDS","Rv0050"
2.63157894736842,23.6842105263158,10.5263157894737,63.1578947368421,"Rv0051","CDS","Rv0051"
NA,22.2222222222222,22.2222222222222,55.5555555555556,"Rv0052","CDS","Rv0052"
NA,NA,25,75,"rpsF","CDS","Rv0053"
10,20,10,60,"ssb","CDS","Rv0054"
NA,25,NA,75,"rpsR1","CDS","Rv0055"
NA,16.6666666666667,16.6666666666667,66.6666666666667,"rplI","CDS","Rv0056"
NA,27.2727272727273,27.2727272727273,45.4545454545455,"Rv0057","CDS","Rv0057"
2.17391304347826,32.6086956521739,8.69565217391304,56.5217391304348,"dnaB","CDS","Rv0058"
20,40,6.66666666666667,33.3333333333333,"Rv0059","CDS","Rv0059"
5.88235294117647,41.1764705882353,23.5294117647059,29.4117647058824,"Rv0060","CDS","Rv0060"
11.7647058823529,29.4117647058824,17.6470588235294,41.1764705882353,"Rv0061c","CDS","Rv0061c"
10.3448275862069,41.3793103448276,3.44827586206897,44.8275862068966,"celA1","CDS","Rv0062"
3.44827586206897,20.6896551724138,6.89655172413793,68.9655172413793,"Rv0063","CDS","Rv0063"
NA,50,50,NA,"vapB1","CDS","Rv0064A"
NA,22.972972972973,6.75675675675676,70.2702702702703,"Rv0064","CDS","Rv0064"
14.2857142857143,NA,14.2857142857143,71.4285714285714,"vapC1","CDS","Rv0065"
NA,29.7297297297297,5.40540540540541,64.8648648648649,"icd2","CDS","Rv0066c"
16.6666666666667,33.3333333333333,NA,50,"Rv0067c","CDS","Rv0067c"
7.14285714285714,42.8571428571429,7.14285714285714,42.8571428571429,"Rv0068","CDS","Rv0068"
5,35,20,40,"sdaA","CDS","Rv0069c"
12.5,29.1666666666667,8.33333333333333,50,"glyA2","CDS","Rv0070c"
5.26315789473684,52.6315789473684,NA,42.1052631578947,"Rv0071","CDS","Rv0071"
8.69565217391304,34.7826086956522,17.3913043478261,39.1304347826087,"Rv0072","CDS","Rv0072"
6.66666666666667,26.6666666666667,13.3333333333333,53.3333333333333,"Rv0073","CDS","Rv0073"
NA,30.4347826086957,13.0434782608696,56.5217391304348,"Rv0074","CDS","Rv0074"
7.14285714285714,14.2857142857143,10.7142857142857,67.8571428571429,"Rv0075","CDS","Rv0075"
NA,28.5714285714286,14.2857142857143,57.1428571428571,"Rv0076c","CDS","Rv0076c"
15.7894736842105,21.0526315789474,NA,63.1578947368421,"Rv0077c","CDS","Rv0077c"
16.6666666666667,33.3333333333333,16.6666666666667,33.3333333333333,"Rv0078A","CDS","Rv0078A"
NA,66.6666666666667,NA,33.3333333333333,"Rv0078B","CDS","Rv0078B"
NA,28.5714285714286,NA,71.4285714285714,"Rv0078","CDS","Rv0078"
4,20,20,56,"Rv0079","CDS","Rv0079"
NA,22.2222222222222,11.1111111111111,66.6666666666667,"Rv0080","CDS","Rv0080"
NA,33.3333333333333,NA,66.6666666666667,"Rv0081","CDS","Rv0081"
NA,42.8571428571429,14.2857142857143,42.8571428571429,"Rv0082","CDS","Rv0082"
NA,17.6470588235294,5.88235294117647,76.4705882352941,"Rv0083","CDS","Rv0083"
6.25,31.25,12.5,50,"hycD","CDS","Rv0084"
NA,14.2857142857143,NA,85.7142857142857,"hycP","CDS","Rv0085"
NA,20,6.66666666666667,73.3333333333333,"hycQ","CDS","Rv0086"
3.2258064516129,54.8387096774194,9.67741935483871,32.258064516129,"hycE","CDS","Rv0087"
NA,25,8.33333333333333,66.6666666666667,"Rv0088","CDS","Rv0088"
NA,57.1428571428571,NA,42.8571428571429,"Rv0089","CDS","Rv0089"
NA,14.2857142857143,NA,85.7142857142857,"Rv0090","CDS","Rv0090"
NA,41.6666666666667,16.6666666666667,41.6666666666667,"mtn","CDS","Rv0091"
3.33333333333333,36.6666666666667,10,50,"ctpA","CDS","Rv0092"
11.1111111111111,33.3333333333333,NA,55.5555555555556,"Rv0093c","CDS","Rv0093c"
NA,77.2727272727273,9.09090909090909,13.6363636363636,"Rv0094c","CDS","Rv0094c"
16.6666666666667,50,NA,33.3333333333333,"Rv0095c","CDS","Rv0095c"
7.5,45,10,37.5,"PPE1","CDS","Rv0096"
20,24,12,44,"Rv0097","CDS","Rv0097"
NA,25,NA,75,"fcoT","CDS","Rv0098"
13.7931034482759,27.5862068965517,17.2413793103448,41.3793103448276,"fadD10","CDS","Rv0099"
NA,NA,NA,100,"Rv0100","CDS","Rv0100"
6.5359477124183,25.4901960784314,9.80392156862745,58.1699346405229,"nrp","CDS","Rv0101"
NA,22.8571428571429,11.4285714285714,65.7142857142857,"Rv0102","CDS","Rv0102"
6.89655172413793,31.0344827586207,13.7931034482759,48.2758620689655,"ctpB","CDS","Rv0103c"
10,40,5,45,"Rv0104","CDS","Rv0104"
NA,25,NA,75,"rpmB1","CDS","Rv0105c"
12.5,16.6666666666667,12.5,58.3333333333333,"Rv0106","CDS","Rv0106"
7.76699029126214,25.2427184466019,11.6504854368932,55.3398058252427,"ctpI","CDS","Rv0107c"
NA,33.3333333333333,NA,66.6666666666667,"Rv0108c","CDS","Rv0108c"
5.88235294117647,35.2941176470588,11.7647058823529,47.0588235294118,"PE_PGRS1","CDS","Rv0109"
9.09090909090909,27.2727272727273,18.1818181818182,45.4545454545455,"Rv0110","CDS","Rv0110"
4.25531914893617,25.531914893617,14.8936170212766,55.3191489361702,"Rv0111","CDS","Rv0111"
NA,20,13.3333333333333,66.6666666666667,"gca","CDS","Rv0112"
20,20,20,40,"gmhA","CDS","Rv0113"
NA,28.5714285714286,14.2857142857143,57.1428571428571,"gmhB","CDS","Rv0114"
10.5263157894737,26.3157894736842,10.5263157894737,52.6315789473684,"hddA","CDS","Rv0115"
5.26315789473684,31.5789473684211,21.0526315789474,42.1052631578947,"ldtA","CDS","Rv0116c"
6.25,12.5,6.25,75,"oxyS","CDS","Rv0117"
5.71428571428571,31.4285714285714,5.71428571428571,57.1428571428571,"oxcA","CDS","Rv0118c"
5.40540540540541,35.1351351351351,5.40540540540541,54.0540540540541,"fadD7","CDS","Rv0119"
4.8780487804878,29.2682926829268,4.8780487804878,60.9756097560976,"fusA2","CDS","Rv0120c"
NA,33.3333333333333,22.2222222222222,44.4444444444444,"Rv0121c","CDS","Rv0121c"
NA,33.3333333333333,NA,66.6666666666667,"Rv0122","CDS","Rv0122"
16.6666666666667,33.3333333333333,33.3333333333333,16.6666666666667,"Rv0123","CDS","Rv0123"
NA,57.1428571428571,7.14285714285714,35.7142857142857,"PE_PGRS2","CDS","Rv0124"
9.09090909090909,45.4545454545455,4.54545454545455,40.9090909090909,"pepA","CDS","Rv0125"
8.69565217391304,30.4347826086957,13.0434782608696,47.8260869565217,"treS","CDS","Rv0126"
NA,16.6666666666667,20.8333333333333,62.5,"mak","CDS","Rv0127"
NA,50,NA,50,"Rv0128","CDS","Rv0128"
3.57142857142857,32.1428571428571,10.7142857142857,53.5714285714286,"fbpC","CDS","Rv0129c"
NA,28.5714285714286,14.2857142857143,57.1428571428571,"htdZ","CDS","Rv0130"
4.76190476190476,14.2857142857143,NA,80.9523809523809,"fadE1","CDS","Rv0131c"
NA,43.4782608695652,8.69565217391304,47.8260869565217,"fgd2","CDS","Rv0132c"
6.25,37.5,6.25,50,"Rv0133","CDS","Rv0133"
5,45,NA,50,"ephF","CDS","Rv0134"
9.09090909090909,18.1818181818182,27.2727272727273,45.4545454545455,"Rv0135c","CDS","Rv0135c"
9.67741935483871,25.8064516129032,6.45161290322581,58.0645161290323,"cyp138","CDS","Rv0136"
NA,81.8181818181818,NA,18.1818181818182,"msrA","CDS","Rv0137c"
14.2857142857143,42.8571428571429,NA,42.8571428571429,"Rv0138","CDS","Rv0138"
11.1111111111111,27.7777777777778,16.6666666666667,44.4444444444444,"Rv0139","CDS","Rv0139"
20,10,NA,70,"Rv0140","CDS","Rv0140"
NA,NA,NA,100,"Rv0141c","CDS","Rv0141c"
3.57142857142857,28.5714285714286,7.14285714285714,60.7142857142857,"Rv0142","CDS","Rv0142"
3.44827586206897,24.1379310344828,6.89655172413793,65.5172413793103,"Rv0143c","CDS","Rv0143c"
5.26315789473684,21.0526315789474,10.5263157894737,63.1578947368421,"Rv0144","CDS","Rv0144"
7.14285714285714,28.5714285714286,14.2857142857143,50,"Rv0145","CDS","Rv0145"
NA,46.6666666666667,6.66666666666667,46.6666666666667,"Rv0146","CDS","Rv0146"
NA,22.5806451612903,6.45161290322581,70.9677419354839,"Rv0147","CDS","Rv0147"
NA,33.3333333333333,NA,66.6666666666667,"Rv0148","CDS","Rv0148"
NA,100,NA,NA,"Rv0148","promoter","Rv0148"
5,25,NA,70,"Rv0149","CDS","Rv0149"
25,37.5,NA,37.5,"Rv0150c","CDS","Rv0150c"
1.66666666666667,25,16.6666666666667,56.6666666666667,"PE1","CDS","Rv0151c"
11.3207547169811,18.8679245283019,15.0943396226415,54.7169811320755,"PE2","CDS","Rv0152c"
NA,18.1818181818182,27.2727272727273,54.5454545454545,"ptbB","CDS","Rv0153c"
NA,15.7894736842105,NA,84.2105263157895,"fadE2","CDS","Rv0154c"
5,35,5,55,"pntAa","CDS","Rv0155"
NA,50,33.3333333333333,16.6666666666667,"pntAb","CDS","Rv0156"
14.2857142857143,14.2857142857143,NA,71.4285714285714,"Rv0157A","CDS","Rv0157A"
NA,23.8095238095238,NA,76.1904761904762,"pntB","CDS","Rv0157"
NA,42.8571428571429,14.2857142857143,42.8571428571429,"Rv0158","CDS","Rv0158"
NA,29.2682926829268,19.5121951219512,51.219512195122,"PE3","CDS","Rv0159c"
2,26,6,66,"PE4","CDS","Rv0160c"
10,40,5,45,"Rv0161","CDS","Rv0161"
6.45161290322581,25.8064516129032,9.67741935483871,58.0645161290323,"adhE1","CDS","Rv0162c"
18.1818181818182,9.09090909090909,NA,72.7272727272727,"Rv0163","CDS","Rv0163"
NA,33.3333333333333,33.3333333333333,33.3333333333333,"TB18.5","CDS","Rv0164"
20,20,10,50,"mce1R","CDS","Rv0165c"
NA,33.3333333333333,16.6666666666667,50,"fadD5","CDS","Rv0166"
NA,25,NA,75,"yrbE1A","CDS","Rv0167"
NA,28.5714285714286,14.2857142857143,57.1428571428571,"yrbE1B","CDS","Rv0168"
3.03030303030303,30.3030303030303,9.09090909090909,57.5757575757576,"mce1A","CDS","Rv0169"
NA,8.33333333333333,16.6666666666667,75,"mce1B","CDS","Rv0170"
1.33333333333333,25.3333333333333,13.3333333333333,60,"mce1C","CDS","Rv0171"
10.1694915254237,25.4237288135593,11.864406779661,52.5423728813559,"mce1D","CDS","Rv0172"
NA,25,8.33333333333333,66.6666666666667,"lprK","CDS","Rv0173"
5.66037735849057,26.4150943396226,7.54716981132075,60.377358490566,"mce1F","CDS","Rv0174"
NA,25,25,50,"Rv0175","CDS","Rv0175"
4.76190476190476,38.0952380952381,9.52380952380952,47.6190476190476,"Rv0176","CDS","Rv0176"
NA,22.2222222222222,NA,77.7777777777778,"Rv0177","CDS","Rv0177"
NA,16.6666666666667,16.6666666666667,66.6666666666667,"Rv0178","CDS","Rv0178"
5.26315789473684,26.3157894736842,10.5263157894737,57.8947368421053,"lprO","CDS","Rv0179c"
NA,33.3333333333333,18.5185185185185,48.1481481481481,"Rv0180c","CDS","Rv0180c"
NA,66.6666666666667,8.33333333333333,25,"Rv0181c","CDS","Rv0181c"
12,40,NA,48,"sigG","CDS","Rv0182c"
5.88235294117647,23.5294117647059,11.7647058823529,58.8235294117647,"Rv0183","CDS","Rv0183"
11.1111111111111,44.4444444444444,NA,44.4444444444444,"Rv0184","CDS","Rv0184"
NA,30.7692307692308,23.0769230769231,46.1538461538462,"Rv0185","CDS","Rv0185"
NA,NA,50,50,"mymT","CDS","Rv0186A"
6.38297872340426,27.6595744680851,10.6382978723404,55.3191489361702,"bglS","CDS","Rv0186"
NA,45.4545454545455,9.09090909090909,45.4545454545455,"Rv0187","CDS","Rv0187"
16.6666666666667,16.6666666666667,33.3333333333333,33.3333333333333,"Rv0188","CDS","Rv0188"
3.44827586206897,24.1379310344828,10.3448275862069,62.0689655172414,"ilvD","CDS","Rv0189c"
100,NA,NA,NA,"Rv0190","CDS","Rv0190"
4.76190476190476,28.5714285714286,19.047619047619,47.6190476190476,"Rv0191","CDS","Rv0191"
NA,50,NA,50,"Rv0192A","CDS","Rv0192A"
4.34782608695652,19.5652173913043,6.52173913043478,69.5652173913043,"Rv0192","CDS","Rv0192"
NA,33.3333333333333,18.1818181818182,48.4848484848485,"Rv0193c","CDS","Rv0193c"
4.08163265306122,32.6530612244898,2.04081632653061,61.2244897959184,"Rv0194","CDS","Rv0194"
22.2222222222222,22.2222222222222,NA,55.5555555555556,"Rv0195","CDS","Rv0195"
NA,11.1111111111111,11.1111111111111,77.7777777777778,"Rv0196","CDS","Rv0196"
8.69565217391304,36.9565217391304,6.52173913043478,47.8260869565217,"Rv0197","CDS","Rv0197"
6.66666666666667,23.3333333333333,13.3333333333333,56.6666666666667,"zmp1","CDS","Rv0198c"
9.09090909090909,36.3636363636364,18.1818181818182,36.3636363636364,"Rv0199","CDS","Rv0199"
NA,36.3636363636364,9.09090909090909,54.5454545454545,"Rv0200","CDS","Rv0200"
10,30,10,50,"Rv0201c","CDS","Rv0201c"
7.14285714285714,32.1428571428571,3.57142857142857,57.1428571428571,"mmpL11","CDS","Rv0202c"
NA,12.5,25,62.5,"Rv0203","CDS","Rv0203"
6.66666666666667,30,13.3333333333333,50,"Rv0204c","CDS","Rv0204c"
NA,NA,NA,100,"Rv0205","CDS","Rv0205"
4.54545454545455,18.1818181818182,18.1818181818182,59.0909090909091,"mmpL3","CDS","Rv0206c"
18.75,6.25,25,50,"Rv0207c","CDS","Rv0207c"
4.76190476190476,47.6190476190476,NA,47.6190476190476,"Rv0208c","CDS","Rv0208c"
5.26315789473684,31.5789473684211,NA,63.1578947368421,"Rv0209","CDS","Rv0209"
4.54545454545455,18.1818181818182,13.6363636363636,63.6363636363636,"Rv0210","CDS","Rv0210"
2.7027027027027,27.027027027027,2.7027027027027,67.5675675675676,"pckA","CDS","Rv0211"
NA,45.4545454545455,4.54545454545455,50,"nadR","CDS","Rv0212c"
11.1111111111111,44.4444444444444,5.55555555555556,38.8888888888889,"Rv0213c","CDS","Rv0213c"
5.26315789473684,21.0526315789474,15.7894736842105,57.8947368421053,"fadD4","CDS","Rv0214"
6.66666666666667,20,6.66666666666667,66.6666666666667,"fadE3","CDS","Rv0215c"
4.54545454545455,31.8181818181818,13.6363636363636,50,"Rv0216","CDS","Rv0216"
8.69565217391304,34.7826086956522,17.3913043478261,39.1304347826087,"lipW","CDS","Rv0217c"
5.71428571428571,31.4285714285714,5.71428571428571,57.1428571428571,"Rv0218","CDS","Rv0218"
NA,30,20,50,"Rv0219","CDS","Rv0219"
NA,26.9230769230769,15.3846153846154,57.6923076923077,"lipC","CDS","Rv0220"
15.625,9.375,12.5,62.5,"Rv0221","CDS","Rv0221"
14.2857142857143,14.2857142857143,NA,71.4285714285714,"echA1","CDS","Rv0222"
2.94117647058824,29.4117647058824,2.94117647058824,64.7058823529412,"Rv0223c","CDS","Rv0223c"
11.1111111111111,27.7777777777778,16.6666666666667,44.4444444444444,"Rv0224c","CDS","Rv0224c"
5.26315789473684,26.3157894736842,21.0526315789474,47.3684210526316,"Rv0225","CDS","Rv0225"
8.33333333333333,41.6666666666667,8.33333333333333,41.6666666666667,"Rv0226c","CDS","Rv0226c"
2.77777777777778,36.1111111111111,11.1111111111111,50,"Rv0227c","CDS","Rv0227c"
3.2258064516129,25.8064516129032,NA,70.9677419354839,"Rv0228","CDS","Rv0228"
11.1111111111111,22.2222222222222,11.1111111111111,55.5555555555556,"Rv0229c","CDS","Rv0229c"
6.25,25,6.25,62.5,"php","CDS","Rv0230c"
4.76190476190476,42.8571428571429,14.2857142857143,38.0952380952381,"fadE4","CDS","Rv0231"
15.3846153846154,23.0769230769231,7.69230769230769,53.8461538461538,"Rv0232","CDS","Rv0232"
NA,38.4615384615385,15.3846153846154,46.1538461538462,"nrdB","CDS","Rv0233"
NA,28.5714285714286,10.7142857142857,60.7142857142857,"gabD1","CDS","Rv0234c"
10,17.5,10,62.5,"Rv0235c","CDS","Rv0235c"
NA,40,20,40,"Rv0236A","CDS","Rv0236A"
3.1496062992126,35.4330708661417,3.1496062992126,58.2677165354331,"aftD","CDS","Rv0236c"
3.33333333333333,30,10,56.6666666666667,"lpqI","CDS","Rv0237"
NA,NA,NA,100,"Rv0238","CDS","Rv0238"
NA,16.6666666666667,16.6666666666667,66.6666666666667,"vapB24","CDS","Rv0239"
28.5714285714286,28.5714285714286,NA,42.8571428571429,"vapC24","CDS","Rv0240"
NA,40.7407407407407,3.7037037037037,55.5555555555556,"htdX","CDS","Rv0241c"
NA,28.5714285714286,14.2857142857143,57.1428571428571,"fabG4","CDS","Rv0242c"
11.1111111111111,16.6666666666667,NA,72.2222222222222,"fadA2","CDS","Rv0243"
NA,42.1052631578947,NA,57.8947368421053,"fadE5","CDS","Rv0244c"
NA,20,NA,80,"Rv0245","CDS","Rv0245"
21.0526315789474,36.8421052631579,21.0526315789474,21.0526315789474,"Rv0246","CDS","Rv0246"
NA,23.0769230769231,23.0769230769231,53.8461538461538,"Rv0247c","CDS","Rv0247c"
NA,29.6296296296296,14.8148148148148,55.5555555555556,"Rv0248c","CDS","Rv0248c"
5.55555555555556,22.2222222222222,22.2222222222222,50,"Rv0249c","CDS","Rv0249c"
NA,50,NA,50,"Rv0250c","CDS","Rv0250c"
20,30,10,40,"hsp","CDS","Rv0251c"
12.9032258064516,38.7096774193548,9.67741935483871,38.7096774193548,"nirB","CDS","Rv0252"
NA,14.2857142857143,NA,85.7142857142857,"nirD","CDS","Rv0253"
12.5,37.5,25,25,"cobU","CDS","Rv0254c"
NA,32.1428571428571,10.7142857142857,57.1428571428571,"cobQ1","CDS","Rv0255c"
5.88235294117647,27.9411764705882,17.6470588235294,48.5294117647059,"PPE2","CDS","Rv0256c"
27.2727272727273,9.09090909090909,27.2727272727273,36.3636363636364,"Rv0257","CDS","Rv0257"
NA,22.2222222222222,11.1111111111111,66.6666666666667,"Rv0258c","CDS","Rv0258c"
6.66666666666667,40,6.66666666666667,46.6666666666667,"Rv0259c","CDS","Rv0259c"
9.09090909090909,22.7272727272727,22.7272727272727,45.4545454545455,"Rv0260c","CDS","Rv0260c"
11.7647058823529,23.5294117647059,5.88235294117647,58.8235294117647,"narK3","CDS","Rv0261c"
NA,50,33.3333333333333,16.6666666666667,"aac","CDS","Rv0262c"
4,32,4,60,"Rv0263c","CDS","Rv0263c"
NA,46.6666666666667,13.3333333333333,40,"Rv0264c","CDS","Rv0264c"
4.34782608695652,39.1304347826087,8.69565217391304,47.8260869565217,"Rv0265c","CDS","Rv0265c"
1.63934426229508,31.1475409836066,8.19672131147541,59.0163934426229,"oplA","CDS","Rv0266c"
4,28,4,64,"narU","CDS","Rv0267"
22.2222222222222,22.2222222222222,NA,55.5555555555556,"Rv0268c","CDS","Rv0268c"
3.125,31.25,3.125,62.5,"Rv0269c","CDS","Rv0269c"
2.77777777777778,36.1111111111111,5.55555555555556,55.5555555555556,"fadD2","CDS","Rv0270"
5,22.5,5,67.5,"fadE6","CDS","Rv0271c"
NA,32,4,64,"Rv0272c","CDS","Rv0272c"
20,20,20,40,"Rv0273c","CDS","Rv0273c"
14.2857142857143,42.8571428571429,NA,42.8571428571429,"Rv0274","CDS","Rv0274"
8.33333333333333,25,16.6666666666667,50,"Rv0275c","CDS","Rv0275c"
NA,25,8.33333333333333,66.6666666666667,"Rv0276","CDS","Rv0276"
NA,25,50,25,"vapB25","CDS","Rv0277A"
7.69230769230769,38.4615384615385,15.3846153846154,38.4615384615385,"vapC25","CDS","Rv0277c"
11.7647058823529,29.4117647058824,11.7647058823529,47.0588235294118,"PE_PGRS3","CDS","Rv0278c"
NA,52.9411764705882,11.7647058823529,35.2941176470588,"PE_PGRS4","CDS","Rv0279c"
6,18,10,66,"PPE3","CDS","Rv0280"
5.55555555555556,16.6666666666667,22.2222222222222,55.5555555555556,"Rv0281","CDS","Rv0281"
10,40,5,45,"eccA3","CDS","Rv0282"
4.16666666666667,25,6.25,64.5833333333333,"eccB3","CDS","Rv0283"
4.95049504950495,25.7425742574257,9.9009900990099,59.4059405940594,"eccC3","CDS","Rv0284"
NA,NA,NA,100,"PE5","CDS","Rv0285"
4.65116279069767,30.2325581395349,4.65116279069767,60.4651162790698,"PPE4","CDS","Rv0286"
NA,NA,100,NA,"esxG","CDS","Rv0287"
NA,100,NA,NA,"esxH","CDS","Rv0288"
9.52380952380952,14.2857142857143,9.52380952380952,66.6666666666667,"espG3","CDS","Rv0289"
3.125,34.375,12.5,50,"eccD3","CDS","Rv0290"
2.32558139534884,32.5581395348837,6.97674418604651,58.1395348837209,"mycP3","CDS","Rv0291"
25,29.1666666666667,8.33333333333333,37.5,"eccE3","CDS","Rv0292"
10.3448275862069,41.3793103448276,6.89655172413793,41.3793103448276,"Rv0293c","CDS","Rv0293c"
10,30,15,45,"tam","CDS","Rv0294"
4.54545454545455,40.9090909090909,4.54545454545455,50,"Rv0295c","CDS","Rv0295c"
2.94117647058824,29.4117647058824,8.82352941176471,58.8235294117647,"Rv0296c","CDS","Rv0296c"
5.88235294117647,47.0588235294118,5.88235294117647,41.1764705882353,"PE_PGRS5","CDS","Rv0297"
NA,NA,NA,100,"Rv0298","CDS","Rv0298"
NA,37.5,25,37.5,"Rv0299","CDS","Rv0299"
NA,100,NA,NA,"vapB2","CDS","Rv0300"
22.2222222222222,11.1111111111111,NA,66.6666666666667,"vapC2","CDS","Rv0301"
NA,45.4545454545455,9.09090909090909,45.4545454545455,"Rv0302","CDS","Rv0302"
5.26315789473684,21.0526315789474,5.26315789473684,68.4210526315789,"Rv0303","CDS","Rv0303"
2.77777777777778,38.8888888888889,6.94444444444444,51.3888888888889,"PPE5","CDS","Rv0304c"
5.40540540540541,37.8378378378378,13.5135135135135,43.2432432432432,"PPE6","CDS","Rv0305c"
NA,42.8571428571429,28.5714285714286,28.5714285714286,"Rv0306","CDS","Rv0306"
11.1111111111111,NA,NA,88.8888888888889,"Rv0307c","CDS","Rv0307c"
6.25,12.5,12.5,68.75,"Rv0308","CDS","Rv0308"
6.25,25,12.5,56.25,"Rv0309","CDS","Rv0309"
NA,NA,20,80,"Rv0310c","CDS","Rv0310c"
NA,21.4285714285714,7.14285714285714,71.4285714285714,"Rv0311","CDS","Rv0311"
4.22535211267606,22.5352112676056,15.4929577464789,57.7464788732394,"Rv0312","CDS","Rv0312"
NA,14.2857142857143,14.2857142857143,71.4285714285714,"Rv0313","CDS","Rv0313"
NA,9.52380952380952,23.8095238095238,66.6666666666667,"Rv0314c","CDS","Rv0314c"
6.45161290322581,29.0322580645161,3.2258064516129,61.2903225806452,"Rv0315","CDS","Rv0315"
4,24,4,68,"Rv0316","CDS","Rv0316"
NA,30,20,50,"glpQ2","CDS","Rv0317c"
11.1111111111111,11.1111111111111,22.2222222222222,55.5555555555556,"Rv0318c","CDS","Rv0318c"
NA,29.4117647058824,17.6470588235294,52.9411764705882,"pcp","CDS","Rv0319"
NA,57.1428571428571,NA,42.8571428571429,"Rv0320","CDS","Rv0320"
7.14285714285714,35.7142857142857,NA,57.1428571428571,"dcd","CDS","Rv0321"
5.26315789473684,42.1052631578947,10.5263157894737,42.1052631578947,"udgA","CDS","Rv0322"
NA,63.6363636363636,NA,36.3636363636364,"Rv0323c","CDS","Rv0323c"
NA,14.2857142857143,NA,85.7142857142857,"Rv0324","CDS","Rv0324"
NA,NA,20,80,"Rv0325","CDS","Rv0325"
16.6666666666667,50,NA,33.3333333333333,"Rv0326","CDS","Rv0326"
6.25,37.5,25,31.25,"cyp135A1","CDS","Rv0327c"
NA,14.2857142857143,NA,85.7142857142857,"Rv0328","CDS","Rv0328"
NA,57.1428571428571,14.2857142857143,28.5714285714286,"Rv0329c","CDS","Rv0329c"
13.3333333333333,33.3333333333333,NA,53.3333333333333,"Rv0330c","CDS","Rv0330c"
14.2857142857143,35.7142857142857,7.14285714285714,42.8571428571429,"Rv0331","CDS","Rv0331"
5.88235294117647,5.88235294117647,17.6470588235294,70.5882352941177,"Rv0332","CDS","Rv0332"
NA,NA,NA,100,"Rv0333","CDS","Rv0333"
7.69230769230769,15.3846153846154,7.69230769230769,69.2307692307692,"rmlA","CDS","Rv0334"
NA,11.1111111111111,38.8888888888889,50,"PE6","CDS","Rv0335c"
10.8108108108108,29.7297297297297,10.8108108108108,48.6486486486487,"Rv0336","CDS","Rv0336"
NA,44.4444444444444,14.8148148148148,40.7407407407407,"aspC","CDS","Rv0337c"
7.2463768115942,33.3333333333333,13.0434782608696,46.3768115942029,"Rv0338c","CDS","Rv0338c"
NA,13.953488372093,18.6046511627907,67.4418604651163,"Rv0339c","CDS","Rv0339c"
NA,36.8421052631579,21.0526315789474,42.1052631578947,"Rv0340","CDS","Rv0340"
6.25,18.75,3.125,71.875,"iniB","CDS","Rv0341"
NA,40.7407407407407,7.40740740740741,51.8518518518518,"iniA","CDS","Rv0342"
8.69565217391304,8.69565217391304,8.69565217391304,73.9130434782609,"iniC","CDS","Rv0343"
15,10,10,65,"lpqJ","CDS","Rv0344c"
16.6666666666667,16.6666666666667,NA,66.6666666666667,"Rv0345","CDS","Rv0345"
NA,27.2727272727273,18.1818181818182,54.5454545454545,"ansP2","CDS","Rv0346c"
19.2307692307692,23.0769230769231,23.0769230769231,34.6153846153846,"Rv0347","CDS","Rv0347"
NA,71.4285714285714,14.2857142857143,14.2857142857143,"Rv0348","CDS","Rv0348"
NA,25,25,50,"Rv0349","CDS","Rv0349"
4.34782608695652,39.1304347826087,NA,56.5217391304348,"dnaK","CDS","Rv0350"
11.1111111111111,33.3333333333333,11.1111111111111,44.4444444444444,"grpE","CDS","Rv0351"
7.69230769230769,34.6153846153846,7.69230769230769,50,"dnaJ1","CDS","Rv0352"
NA,NA,25,75,"hspR","CDS","Rv0353"
12.5,62.5,NA,25,"PPE7","CDS","Rv0354c"
2.67857142857143,31.25,4.46428571428571,61.6071428571429,"PPE8","CDS","Rv0355c"
NA,44.4444444444444,11.1111111111111,44.4444444444444,"Rv0356c","CDS","Rv0356c"
9.09090909090909,22.7272727272727,NA,68.1818181818182,"purA","CDS","Rv0357c"
7.69230769230769,30.7692307692308,7.69230769230769,53.8461538461538,"Rv0358","CDS","Rv0358"
NA,33.3333333333333,NA,66.6666666666667,"Rv0359","CDS","Rv0359"
18.1818181818182,27.2727272727273,9.09090909090909,45.4545454545455,"Rv0360c","CDS","Rv0360c"
10.5263157894737,26.3157894736842,21.0526315789474,42.1052631578947,"Rv0361","CDS","Rv0361"
4.34782608695652,26.0869565217391,8.69565217391304,60.8695652173913,"mgtE","CDS","Rv0362"
13.3333333333333,33.3333333333333,6.66666666666667,46.6666666666667,"fba","CDS","Rv0363c"
NA,26.3157894736842,10.5263157894737,63.1578947368421,"Rv0364","CDS","Rv0364"
NA,18.75,18.75,62.5,"Rv0365c","CDS","Rv0365c"
13.3333333333333,40,20,26.6666666666667,"Rv0366c","CDS","Rv0366c"
NA,25,25,50,"Rv0367c","CDS","Rv0367c"
6.06060606060606,36.3636363636364,9.09090909090909,48.4848484848485,"Rv0368c","CDS","Rv0368c"
33.3333333333333,33.3333333333333,NA,33.3333333333333,"Rv0369c","CDS","Rv0369c"
5.55555555555556,44.4444444444444,11.1111111111111,38.8888888888889,"Rv0370c","CDS","Rv0370c"
10,20,30,40,"Rv0371c","CDS","Rv0371c"
NA,29.4117647058824,5.88235294117647,64.7058823529412,"Rv0372c","CDS","Rv0372c"
1.92307692307692,17.3076923076923,7.69230769230769,73.0769230769231,"Rv0373c","CDS","Rv0373c"
NA,50,NA,50,"Rv0374c","CDS","Rv0374c"
NA,43.75,NA,56.25,"Rv0375c","CDS","Rv0375c"
NA,36.3636363636364,9.09090909090909,54.5454545454545,"Rv0376c","CDS","Rv0376c"
10.5263157894737,26.3157894736842,10.5263157894737,52.6315789473684,"Rv0377","CDS","Rv0377"
NA,100,NA,NA,"Rv0378","CDS","Rv0378"
NA,33.3333333333333,NA,66.6666666666667,"secE2","CDS","Rv0379"
NA,50,NA,50,"Rv0380c","CDS","Rv0380c"
9.52380952380952,23.8095238095238,NA,66.6666666666667,"Rv0381c","CDS","Rv0381c"
25,25,NA,50,"pyrE","CDS","Rv0382c"
4,24,8,64,"Rv0383c","CDS","Rv0383c"
NA,41.6666666666667,NA,58.3333333333333,"clpB","CDS","Rv0384c"
3.33333333333333,26.6666666666667,20,50,"Rv0385","CDS","Rv0385"
NA,19.3548387096774,12.9032258064516,67.741935483871,"Rv0386","CDS","Rv0386"
5.71428571428571,28.5714285714286,11.4285714285714,54.2857142857143,"Rv0387c","CDS","Rv0387c"
NA,50,10,40,"PPE9","CDS","Rv0388c"
18.5185185185185,25.9259259259259,11.1111111111111,44.4444444444444,"purT","CDS","Rv0389"
NA,28.5714285714286,14.2857142857143,57.1428571428571,"Rv0390","CDS","Rv0390"
NA,26.3157894736842,10.5263157894737,63.1578947368421,"metZ","CDS","Rv0391"
NA,38.8888888888889,11.1111111111111,50,"ndhA","CDS","Rv0392c"
5.26315789473684,28.9473684210526,10.5263157894737,55.2631578947368,"Rv0393","CDS","Rv0393"
5.88235294117647,29.4117647058824,5.88235294117647,58.8235294117647,"Rv0394c","CDS","Rv0394c"
11.1111111111111,44.4444444444444,11.1111111111111,33.3333333333333,"Rv0395","CDS","Rv0395"
NA,37.5,12.5,50,"Rv0396","CDS","Rv0396"
22.2222222222222,11.1111111111111,33.3333333333333,33.3333333333333,"Rv0397A","CDS","Rv0397A"
5.55555555555556,38.8888888888889,16.6666666666667,38.8888888888889,"Rv0397","CDS","Rv0397"
NA,41.6666666666667,NA,58.3333333333333,"Rv0398c","CDS","Rv0398c"
3.33333333333333,40,13.3333333333333,43.3333333333333,"lpqK","CDS","Rv0399c"
NA,42.1052631578947,5.26315789473684,52.6315789473684,"fadE7","CDS","Rv0400c"
NA,20,40,40,"Rv0401","CDS","Rv0401"
4.65116279069767,39.5348837209302,16.2790697674419,39.5348837209302,"mmpL1","CDS","Rv0402c"
NA,12.5,12.5,75,"mmpS1","CDS","Rv0403c"
5.71428571428571,20,28.5714285714286,45.7142857142857,"fadD30","CDS","Rv0404"
8.95522388059701,22.3880597014925,17.910447761194,50.7462686567164,"pks6","CDS","Rv0405"
13.3333333333333,20,6.66666666666667,60,"Rv0406c","CDS","Rv0406c"
5.26315789473684,36.8421052631579,10.5263157894737,47.3684210526316,"fgd1","CDS","Rv0407"
8.57142857142857,28.5714285714286,14.2857142857143,48.5714285714286,"pta","CDS","Rv0408"
NA,13.3333333333333,NA,86.6666666666667,"ackA","CDS","Rv0409"
NA,39.2156862745098,5.88235294117647,54.9019607843137,"pknG","CDS","Rv0410c"
3.44827586206897,34.4827586206897,10.3448275862069,51.7241379310345,"glnH","CDS","Rv0411c"
NA,50,NA,50,"Rv0412c","CDS","Rv0412c"
5.88235294117647,29.4117647058824,5.88235294117647,58.8235294117647,"mutT3","CDS","Rv0413"
7.69230769230769,23.0769230769231,15.3846153846154,53.8461538461538,"thiE","CDS","Rv0414c"
NA,28.5714285714286,14.2857142857143,57.1428571428571,"thiO","CDS","Rv0415"
NA,NA,50,50,"thiS","CDS","Rv0416"
7.69230769230769,15.3846153846154,NA,76.9230769230769,"thiG","CDS","Rv0417"
13.7931034482759,24.1379310344828,3.44827586206897,58.6206896551724,"lpqL","CDS","Rv0418"
6.06060606060606,24.2424242424242,12.1212121212121,57.5757575757576,"lpqM","CDS","Rv0419"
NA,50,NA,50,"Rv0420c","CDS","Rv0420c"
NA,11.7647058823529,17.6470588235294,70.5882352941177,"Rv0421c","CDS","Rv0421c"
NA,33.3333333333333,6.66666666666667,60,"thiD","CDS","Rv0422c"
NA,27.5862068965517,6.89655172413793,65.5172413793103,"thiC","CDS","Rv0423c"
NA,NA,25,75,"Rv0424c","CDS","Rv0424c"
6.86274509803922,33.3333333333333,13.7254901960784,46.078431372549,"ctpH","CDS","Rv0425c"
NA,25,12.5,62.5,"Rv0426c","CDS","Rv0426c"
4.34782608695652,34.7826086956522,4.34782608695652,56.5217391304348,"xthA","CDS","Rv0427c"
5.26315789473684,42.1052631578947,15.7894736842105,36.8421052631579,"Rv0428c","CDS","Rv0428c"
13.3333333333333,46.6666666666667,NA,40,"def","CDS","Rv0429c"
NA,50,NA,50,"Rv0430","CDS","Rv0430"
NA,60,10,30,"Rv0431","CDS","Rv0431"
NA,52.6315789473684,15.7894736842105,31.5789473684211,"sodC","CDS","Rv0432"
11.1111111111111,44.4444444444444,NA,44.4444444444444,"Rv0433","CDS","Rv0433"
5.26315789473684,21.0526315789474,10.5263157894737,63.1578947368421,"Rv0434","CDS","Rv0434"
2.22222222222222,26.6666666666667,6.66666666666667,64.4444444444444,"Rv0435c","CDS","Rv0435c"
11.1111111111111,50,5.55555555555556,33.3333333333333,"pssA","CDS","Rv0436c"
NA,22.7272727272727,13.6363636363636,63.6363636363636,"psd","CDS","Rv0437c"
3.03030303030303,24.2424242424242,12.1212121212121,60.6060606060606,"moeA2","CDS","Rv0438c"
6.66666666666667,20,20,53.3333333333333,"Rv0439c","CDS","Rv0439c"
NA,31.25,NA,68.75,"groEL2","CDS","Rv0440"
7.14285714285714,57.1428571428571,7.14285714285714,28.5714285714286,"Rv0441c","CDS","Rv0441c"
8.33333333333333,29.1666666666667,4.16666666666667,58.3333333333333,"PPE10","CDS","Rv0442c"
NA,42.8571428571429,NA,57.1428571428571,"Rv0443","CDS","Rv0443"
NA,35,35,30,"rskA","CDS","Rv0444c"
NA,33.3333333333333,33.3333333333333,33.3333333333333,"sigK","CDS","Rv0445c"
